{
  "accessors": [
    {
      "bufferView": 2,
      "componentType": 5126,
      "count": 65532,
      "max": [
        -5.3256621360778809,
        -5.0839037895202637,
        -152.83053588867188
      ],
      "min": [
        -13.279193878173828,
        -10.313625335693359,
        -155.93650817871094
      ],
      "type": "VEC3"
    },
    {
      "bufferView": 2,
      "byteOffset": 786384,
      "componentType": 5126,
      "count": 65532,
      "max": [
        0.99995666742324829,
        0.99995315074920654,
        0.99999946355819702
      ],
      "min": [
        -0.99997115135192871,
        -0.99988210201263428,
        -0.99999082088470459
      ],
      "type": "VEC3"
    },
    {
      "bufferView": 3,
      "componentType": 5126,
      "count": 65532,
      "max": [
        0.81568628549575806,
        0.81568628549575806,
        0.80392158031463623,
        1
      ],
      "min": [
        0.11372549086809158,
        0.10980392247438431,
        0.098039217293262482,
        1
      ],
      "type": "VEC4"
    },
    {
      "bufferView": 1,
      "componentType": 5126,
      "count": 65532,
      "max": [
        1,
        1
      ],
      "min": [
        0,
        0
      ],
      "type": "VEC2"
    },
    {
      "bufferView": 0,
      "componentType": 5125,
      "count": 268965,
      "max": [
        65531
      ],
      "min": [
        0
      ],
      "type": "SCALAR"
    },
    {
      "bufferView": 2,
      "byteOffset": 1572768,
      "componentType": 5126,
      "count": 65532,
      "max": [
        -6.5751762390136719,
        -5.2589998245239258,
        -154.35679626464844
      ],
      "min": [
        -8.0443048477172852,
        -10.38189697265625,
        -155.93919372558594
      ],
      "type": "VEC3"
    },
    {
      "bufferView": 2,
      "byteOffset": 2359152,
      "componentType": 5126,
      "count": 65532,
      "max": [
        0.99993973970413208,
        0.99999839067459106,
        0.99999892711639404
      ],
      "min": [
        -0.99941331148147583,
        -0.99989068508148193,
        -0.9999319314956665
      ],
      "type": "VEC3"
    },
    {
      "bufferView": 3,
      "byteOffset": 1048512,
      "componentType": 5126,
      "count": 65532,
      "max": [
        0.81568628549575806,
        0.81176471710205078,
        0.78431373834609985,
        1
      ],
      "min": [
        0.13725490868091583,
        0.11372549086809158,
        0.10196078568696976,
        1
      ],
      "type": "VEC4"
    },
    {
      "bufferView": 1,
      "byteOffset": 524256,
      "componentType": 5126,
      "count": 65532,
      "max": [
        0.99962615966796875,
        0.99970746040344238
      ],
      "min": [
        0.00036264280788600445,
        0.00086361111607402563
      ],
      "type": "VEC2"
    },
    {
      "bufferView": 0,
      "byteOffset": 1075860,
      "componentType": 5125,
      "count": 307104,
      "max": [
        65531
      ],
      "min": [
        0
      ],
      "type": "SCALAR"
    },
    {
      "bufferView": 2,
      "byteOffset": 3145536,
      "componentType": 5126,
      "count": 65532,
      "max": [
        -7.4451751708984375,
        -4.9621548652648926,
        -154.20321655273438
      ],
      "min": [
        -8.9628973007202148,
        -10.57277774810791,
        -155.94099426269531
      ],
      "type": "VEC3"
    },
    {
      "bufferView": 2,
      "byteOffset": 3931920,
      "componentType": 5126,
      "count": 65532,
      "max": [
        0.9999624490737915,
        0.9999573826789856,
        0.99999576807022095
      ],
      "min": [
        -0.99998140335083008,
        -0.99999433755874634,
        -0.9998704195022583
      ],
      "type": "VEC3"
    },
    {
      "bufferView": 3,
      "byteOffset": 2097024,
      "componentType": 5126,
      "count": 65532,
      "max": [
        0.82352942228317261,
        0.81176471710205078,
        0.78823530673980713,
        1
      ],
      "min": [
        0.13725490868091583,
        0.11372549086809158,
        0.10196078568696976,
        1
      ],
      "type": "VEC4"
    },
    {
      "bufferView": 1,
      "byteOffset": 1048512,
      "componentType": 5126,
      "count": 65532,
      "max": [
        0.99947494268417358,
        0.99991059303283691
      ],
      "min": [
        0.0010883586946874857,
        0.00020491407485678792
      ],
      "type": "VEC2"
    },
    {
      "bufferView": 0,
      "byteOffset": 2304276,
      "componentType": 5125,
      "count": 308283,
      "max": [
        65531
      ],
      "min": [
        0
      ],
      "type": "SCALAR"
    },
    {
      "bufferView": 2,
      "byteOffset": 4718304,
      "componentType": 5126,
      "count": 65532,
      "max": [
        -8.1894407272338867,
        -4.9361624717712402,
        -154.01945495605469
      ],
      "min": [
        -9.6981229782104492,
        -10.658949851989746,
        -155.94325256347656
      ],
      "type": "VEC3"
    },
    {
      "bufferView": 2,
      "byteOffset": 5504688,
      "componentType": 5126,
      "count": 65532,
      "max": [
        0.9999358057975769,
        0.99991458654403687,
        0.99999260902404785
      ],
      "min": [
        -0.99998629093170166,
        -0.99994021654129028,
        -0.99982661008834839
      ],
      "type": "VEC3"
    },
    {
      "bufferView": 3,
      "byteOffset": 3145536,
      "componentType": 5126,
      "count": 65532,
      "max": [
        0.81960785388946533,
        0.81568628549575806,
        0.79607844352722168,
        1
      ],
      "min": [
        0.14901961386203766,
        0.12549020349979401,
        0.098039217293262482,
        1
      ],
      "type": "VEC4"
    },
    {
      "bufferView": 1,
      "byteOffset": 1572768,
      "componentType": 5126,
      "count": 65532,
      "max": [
        0.9995572566986084,
        0.99964439868927002
      ],
      "min": [
        0.0015462354058399796,
        0.0003732272598426789
      ],
      "type": "VEC2"
    },
    {
      "bufferView": 0,
      "byteOffset": 3537408,
      "componentType": 5125,
      "count": 306333,
      "max": [
        65531
      ],
      "min": [
        0
      ],
      "type": "SCALAR"
    },
    {
      "bufferView": 2,
      "byteOffset": 6291072,
      "componentType": 5126,
      "count": 65532,
      "max": [
        -8.7098941802978516,
        -4.9372749328613281,
        -154.47138977050781
      ],
      "min": [
        -10.234233856201172,
        -10.678667068481445,
        -155.94342041015625
      ],
      "type": "VEC3"
    },
    {
      "bufferView": 2,
      "byteOffset": 7077456,
      "componentType": 5126,
      "count": 65532,
      "max": [
        0.99990350008010864,
        0.99997627735137939,
        0.99999707937240601
      ],
      "min": [
        -0.99996739625930786,
        -0.99993103742599487,
        -0.99993479251861572
      ],
      "type": "VEC3"
    },
    {
      "bufferView": 3,
      "byteOffset": 4194048,
      "componentType": 5126,
      "count": 65532,
      "max": [
        0.82352942228317261,
        0.81568628549575806,
        0.7921568751335144,
        1
      ],
      "min": [
        0.15294118225574493,
        0.10980392247438431,
        0.098039217293262482,
        1
      ],
      "type": "VEC4"
    },
    {
      "bufferView": 1,
      "byteOffset": 2097024,
      "componentType": 5126,
      "count": 65532,
      "max": [
        0.99952250719070435,
        0.99993044137954712
      ],
      "min": [
        0.00011545224697329104,
        0.00056053104344755411
      ],
      "type": "VEC2"
    },
    {
      "bufferView": 0,
      "byteOffset": 4762740,
      "componentType": 5125,
      "count": 308925,
      "max": [
        65531
      ],
      "min": [
        0
      ],
      "type": "SCALAR"
    },
    {
      "bufferView": 2,
      "byteOffset": 7863840,
      "componentType": 5126,
      "count": 65532,
      "max": [
        -9.4658718109130859,
        -4.9527225494384766,
        -152.8641357421875
      ],
      "min": [
        -10.809444427490234,
        -10.682177543640137,
        -155.94390869140625
      ],
      "type": "VEC3"
    },
    {
      "bufferView": 2,
      "byteOffset": 8650224,
      "componentType": 5126,
      "count": 65532,
      "max": [
        0.99996918439865112,
        0.99994856119155884,
        0.99999916553497314
      ],
      "min": [
        -0.99951303005218506,
        -0.99994933605194092,
        -0.99976658821105957
      ],
      "type": "VEC3"
    },
    {
      "bufferView": 3,
      "byteOffset": 5242560,
      "componentType": 5126,
      "count": 65532,
      "max": [
        0.82352942228317261,
        0.82352942228317261,
        0.81568628549575806,
        1
      ],
      "min": [
        0.10196078568696976,
        0.094117648899555206,
        0.08235294371843338,
        1
      ],
      "type": "VEC4"
    },
    {
      "bufferView": 1,
      "byteOffset": 2621280,
      "componentType": 5126,
      "count": 65532,
      "max": [
        0.99974054098129272,
        0.99966579675674438
      ],
      "min": [
        0.0013113656314089894,
        0.00050560606177896261
      ],
      "type": "VEC2"
    },
    {
      "bufferView": 0,
      "byteOffset": 5998440,
      "componentType": 5125,
      "count": 308238,
      "max": [
        65531
      ],
      "min": [
        0
      ],
      "type": "SCALAR"
    },
    {
      "bufferView": 2,
      "byteOffset": 9436608,
      "componentType": 5126,
      "count": 65532,
      "max": [
        -9.9665384292602539,
        -4.9837651252746582,
        -152.68534851074219
      ],
      "min": [
        -11.813320159912109,
        -10.623222351074219,
        -155.94242858886719
      ],
      "type": "VEC3"
    },
    {
      "bufferView": 2,
      "byteOffset": 10222992,
      "componentType": 5126,
      "count": 65532,
      "max": [
        0.99996936321258545,
        0.9999847412109375,
        0.99999833106994629
      ],
      "min": [
        -0.99969428777694702,
        -0.99999070167541504,
        -0.99992978572845459
      ],
      "type": "VEC3"
    },
    {
      "bufferView": 3,
      "byteOffset": 6291072,
      "componentType": 5126,
      "count": 65532,
      "max": [
        0.82745099067687988,
        0.81960785388946533,
        0.80784314870834351,
        1
      ],
      "min": [
        0.10588235408067703,
        0.10196078568696976,
        0.094117648899555206,
        1
      ],
      "type": "VEC4"
    },
    {
      "bufferView": 1,
      "byteOffset": 3145536,
      "componentType": 5126,
      "count": 65532,
      "max": [
        0.99949413537979126,
        0.99967938661575317
      ],
      "min": [
        0.0010862677590921521,
        0.00034304652945138514
      ],
      "type": "VEC2"
    },
    {
      "bufferView": 0,
      "byteOffset": 7231392,
      "componentType": 5125,
      "count": 314451,
      "max": [
        65531
      ],
      "min": [
        0
      ],
      "type": "SCALAR"
    },
    {
      "bufferView": 2,
      "byteOffset": 11009376,
      "componentType": 5126,
      "count": 65532,
      "max": [
        -10.561983108520508,
        -5.0310730934143066,
        -152.69660949707031
      ],
      "min": [
        -12.407512664794922,
        -10.435638427734375,
        -155.94317626953125
      ],
      "type": "VEC3"
    },
    {
      "bufferView": 2,
      "byteOffset": 11795760,
      "componentType": 5126,
      "count": 65532,
      "max": [
        0.99983566999435425,
        0.99999052286148071,
        0.99999874830245972
      ],
      "min": [
        -0.99969720840454102,
        -0.99999707937240601,
        -0.99995315074920654
      ],
      "type": "VEC3"
    },
    {
      "bufferView": 3,
      "byteOffset": 7339584,
      "componentType": 5126,
      "count": 65532,
      "max": [
        0.81176471710205078,
        0.79607844352722168,
        0.7921568751335144,
        1
      ],
      "min": [
        0.10980392247438431,
        0.10980392247438431,
        0.094117648899555206,
        1
      ],
      "type": "VEC4"
    },
    {
      "bufferView": 1,
      "byteOffset": 3669792,
      "componentType": 5126,
      "count": 65532,
      "max": [
        0.99943381547927856,
        0.99970757961273193
      ],
      "min": [
        0.00050464179366827011,
        0.001336359535343945
      ],
      "type": "VEC2"
    },
    {
      "bufferView": 0,
      "byteOffset": 8489196,
      "componentType": 5125,
      "count": 317061,
      "max": [
        65531
      ],
      "min": [
        0
      ],
      "type": "SCALAR"
    },
    {
      "bufferView": 2,
      "byteOffset": 12582144,
      "componentType": 5126,
      "count": 65532,
      "max": [
        -11.355402946472168,
        -5.0707626342773438,
        -152.69877624511719
      ],
      "min": [
        -12.68418025970459,
        -10.030000686645508,
        -155.93458557128906
      ],
      "type": "VEC3"
    },
    {
      "bufferView": 2,
      "byteOffset": 13368528,
      "componentType": 5126,
      "count": 65532,
      "max": [
        0.99996668100357056,
        0.99993592500686646,
        0.99999523162841797
      ],
      "min": [
        -0.99973189830780029,
        -0.99994301795959473,
        -0.99988687038421631
      ],
      "type": "VEC3"
    },
    {
      "bufferView": 3,
      "byteOffset": 8388096,
      "componentType": 5126,
      "count": 65532,
      "max": [
        0.82745099067687988,
        0.79607844352722168,
        0.7764706015586853,
        1
      ],
      "min": [
        0.11372549086809158,
        0.11372549086809158,
        0.098039217293262482,
        1
      ],
      "type": "VEC4"
    },
    {
      "bufferView": 1,
      "byteOffset": 4194048,
      "componentType": 5126,
      "count": 65532,
      "max": [
        0.99974322319030762,
        0.99922466278076172
      ],
      "min": [
        0.0010272496147081256,
        0.0013132605236023664
      ],
      "type": "VEC2"
    },
    {
      "bufferView": 0,
      "byteOffset": 9757440,
      "componentType": 5125,
      "count": 311856,
      "max": [
        65531
      ],
      "min": [
        0
      ],
      "type": "SCALAR"
    },
    {
      "bufferView": 2,
      "byteOffset": 14154912,
      "componentType": 5126,
      "count": 65532,
      "max": [
        -12.127392768859863,
        -5.2069797515869141,
        -152.89176940917969
      ],
      "min": [
        -13.426292419433594,
        -9.4951725006103516,
        -155.92886352539062
      ],
      "type": "VEC3"
    },
    {
      "bufferView": 2,
      "byteOffset": 14941296,
      "componentType": 5126,
      "count": 65532,
      "max": [
        0.99963772296905518,
        0.99998980760574341,
        0.9999992847442627
      ],
      "min": [
        -0.99999243021011353,
        -0.99996435642242432,
        -0.99998480081558228
      ],
      "type": "VEC3"
    },
    {
      "bufferView": 3,
      "byteOffset": 9436608,
      "componentType": 5126,
      "count": 65532,
      "max": [
        0.81960785388946533,
        0.80000001192092896,
        0.78431373834609985,
        1
      ],
      "min": [
        0.12549020349979401,
        0.11372549086809158,
        0.10196078568696976,
        1
      ],
      "type": "VEC4"
    },
    {
      "bufferView": 1,
      "byteOffset": 4718304,
      "componentType": 5126,
      "count": 65532,
      "max": [
        0.99863100051879883,
        0.99991899728775024
      ],
      "min": [
        0.00030435109511017799,
        0.0002691436093300581
      ],
      "type": "VEC2"
    },
    {
      "bufferView": 0,
      "byteOffset": 11004864,
      "componentType": 5125,
      "count": 310566,
      "max": [
        65531
      ],
      "min": [
        0
      ],
      "type": "SCALAR"
    },
    {
      "bufferView": 2,
      "byteOffset": 15727680,
      "componentType": 5126,
      "count": 53940,
      "max": [
        -5.380582332611084,
        -5.2582368850708008,
        -153.32481384277344
      ],
      "min": [
        -13.930554389953613,
        -10.485228538513184,
        -155.9393310546875
      ],
      "type": "VEC3"
    },
    {
      "bufferView": 2,
      "byteOffset": 16374960,
      "componentType": 5126,
      "count": 53940,
      "max": [
        0.99965828657150269,
        0.99994230270385742,
        0.99999725818634033
      ],
      "min": [
        -0.99999940395355225,
        -0.99991822242736816,
        -0.99995636940002441
      ],
      "type": "VEC3"
    },
    {
      "bufferView": 3,
      "byteOffset": 10485120,
      "componentType": 5126,
      "count": 53940,
      "max": [
        0.81568628549575806,
        0.80000001192092896,
        0.79607844352722168,
        1
      ],
      "min": [
        0.11764705926179886,
        0.11764705926179886,
        0.098039217293262482,
        1
      ],
      "type": "VEC4"
    },
    {
      "bufferView": 1,
      "byteOffset": 5242560,
      "componentType": 5126,
      "count": 53940,
      "max": [
        0.99974340200424194,
        0.99947983026504517
      ],
      "min": [
        0.0013170726597309113,
        0.00057100976118817925
      ],
      "type": "VEC2"
    },
    {
      "bufferView": 0,
      "byteOffset": 12247128,
      "componentType": 5125,
      "count": 234828,
      "max": [
        53939
      ],
      "min": [
        0
      ],
      "type": "SCALAR"
    }
  ],
  "asset": {
    "extras": {
      "author": "hippieandcorporate (https://sketchfab.com/hippieandcorporate)",
      "license": "CC-BY-4.0 (http://creativecommons.org/licenses/by/4.0/)",
      "source": "https://sketchfab.com/3d-models/2020-02-20-20h47-burger-fbx-64d0dfe8fc5848e7981f88c44f3596f1",
      "title": "2020-02-20 20h47 Burger FBX"
    },
    "generator": "Sketchfab-7.75.0",
    "version": "2.0"
  },
  "bufferViews": [
    {
      "buffer": 0,
      "byteLength": 13186440,
      "byteOffset": 0,
      "name": "floatBufferViews",
      "target": 34963
    },
    {
      "buffer": 0,
      "byteLength": 5674080,
      "byteOffset": 13186440,
      "byteStride": 8,
      "name": "floatBufferViews",
      "target": 34962
    },
    {
      "buffer": 0,
      "byteLength": 17022240,
      "byteOffset": 18860520,
      "byteStride": 12,
      "name": "floatBufferViews",
      "target": 34962
    },
    {
      "buffer": 0,
      "byteLength": 11348160,
      "byteOffset": 35882760,
      "byteStride": 16,
      "name": "floatBufferViews",
      "target": 34962
    }
  ],
  "buffers": [
    {
      "byteLength": 47230920,
      "uri": "scene.bin"
    }
  ],
  "extensionsUsed": [
    "KHR_materials_unlit"
  ],
  "images": [
    {
      "uri": "textures/material0_baseColor.jpeg"
    }
  ],
  "materials": [
    {
      "doubleSided": true,
      "emissiveFactor": [
        0,
        0,
        0
      ],
      "extensions": {
        "KHR_materials_unlit": {}
      },
      "name": "material0",
      "pbrMetallicRoughness": {
        "baseColorFactor": [
          1,
          1,
          1,
          1
        ],
        "baseColorTexture": {
          "index": 0,
          "texCoord": 0
        },
        "metallicFactor": 0,
        "roughnessFactor": 1
      }
    }
  ],
  "meshes": [
    {
      "name": "Model_material0_0",
      "primitives": [
        {
          "attributes": {
            "COLOR_0": 2,
            "NORMAL": 1,
            "POSITION": 0,
            "TEXCOORD_0": 3
          },
          "indices": 4,
          "material": 0,
          "mode": 4
        }
      ]
    },
    {
      "name": "Model_material0_0",
      "primitives": [
        {
          "attributes": {
            "COLOR_0": 7,
            "NORMAL": 6,
            "POSITION": 5,
            "TEXCOORD_0": 8
          },
          "indices": 9,
          "material": 0,
          "mode": 4
        }
      ]
    },
    {
      "name": "Model_material0_0",
      "primitives": [
        {
          "attributes": {
            "COLOR_0": 12,
            "NORMAL": 11,
            "POSITION": 10,
            "TEXCOORD_0": 13
          },
          "indices": 14,
          "material": 0,
          "mode": 4
        }
      ]
    },
    {
      "name": "Model_material0_0",
      "primitives": [
        {
          "attributes": {
            "COLOR_0": 17,
            "NORMAL": 16,
            "POSITION": 15,
            "TEXCOORD_0": 18
          },
          "indices": 19,
          "material": 0,
          "mode": 4
        }
      ]
    },
    {
      "name": "Model_material0_0",
      "primitives": [
        {
          "attributes": {
            "COLOR_0": 22,
            "NORMAL": 21,
            "POSITION": 20,
            "TEXCOORD_0": 23
          },
          "indices": 24,
          "material": 0,
          "mode": 4
        }
      ]
    },
    {
      "name": "Model_material0_0",
      "primitives": [
        {
          "attributes": {
            "COLOR_0": 27,
            "NORMAL": 26,
            "POSITION": 25,
            "TEXCOORD_0": 28
          },
          "indices": 29,
          "material": 0,
          "mode": 4
        }
      ]
    },
    {
      "name": "Model_material0_0",
      "primitives": [
        {
          "attributes": {
            "COLOR_0": 32,
            "NORMAL": 31,
            "POSITION": 30,
            "TEXCOORD_0": 33
          },
          "indices": 34,
          "material": 0,
          "mode": 4
        }
      ]
    },
    {
      "name": "Model_material0_0",
      "primitives": [
        {
          "attributes": {
            "COLOR_0": 37,
            "NORMAL": 36,
            "POSITION": 35,
            "TEXCOORD_0": 38
          },
          "indices": 39,
          "material": 0,
          "mode": 4
        }
      ]
    },
    {
      "name": "Model_material0_0",
      "primitives": [
        {
          "attributes": {
            "COLOR_0": 42,
            "NORMAL": 41,
            "POSITION": 40,
            "TEXCOORD_0": 43
          },
          "indices": 44,
          "material": 0,
          "mode": 4
        }
      ]
    },
    {
      "name": "Model_material0_0",
      "primitives": [
        {
          "attributes": {
            "COLOR_0": 47,
            "NORMAL": 46,
            "POSITION": 45,
            "TEXCOORD_0": 48
          },
          "indices": 49,
          "material": 0,
          "mode": 4
        }
      ]
    },
    {
      "name": "Model_material0_0",
      "primitives": [
        {
          "attributes": {
            "COLOR_0": 52,
            "NORMAL": 51,
            "POSITION": 50,
            "TEXCOORD_0": 53
          },
          "indices": 54,
          "material": 0,
          "mode": 4
        }
      ]
    }
  ],
  "nodes": [
    {
      "children": [
        1
      ],
      "name": "RootNode (gltf orientation matrix)",
      "rotation": [
        -0.70710678118654746,
        -0,
        -0,
        0.70710678118654757
      ]
    },
    {
      "children": [
        2
      ],
      "matrix": [
        0.98589366674423218,
        0.1673729419708252,
        0,
        0,
        0.16575354337692261,
        -0.97635471820831299,
        -0.13877025246620178,
        0,
        -0.023226384073495865,
        0.13681270182132721,
        -0.99032461643218994,
        0,
        2.1539549827575684,
        -4.0670022964477539,
        308.22006225585938,
        1
      ],
      "name": "RootNode (model correction matrix)"
    },
    {
      "children": [
        3
      ],
      "matrix": [
        1,
        0,
        0,
        0,
        0,
        -1,
        0,
        0,
        0,
        0,
        -1,
        0,
        0,
        0,
        0,
        1
      ],
      "name": "2020-02-20 20h47 Burger FBX.fbx"
    },
    {
      "children": [
        4,
        16,
        18,
        20,
        22,
        24,
        26,
        28,
        30,
        32,
        34,
        36,
        38,
        40,
        42,
        44,
        46,
        48,
        50,
        52,
        54,
        56,
        58,
        60,
        62,
        64,
        66,
        68,
        70,
        72,
        74,
        76,
        78,
        80,
        82,
        84,
        86,
        88,
        90,
        92,
        94,
        96,
        98,
        100,
        102,
        104,
        106,
        108,
        110,
        112,
        114,
        116,
        118,
        120,
        122,
        124,
        126,
        128,
        130,
        132,
        134,
        136,
        138,
        140,
        142,
        144,
        146,
        148,
        150,
        152,
        154,
        156,
        158,
        160
      ],
      "name": "RootNode"
    },
    {
      "children": [
        5,
        6,
        7,
        8,
        9,
        10,
        11,
        12,
        13,
        14,
        15
      ],
      "name": "Model"
    },
    {
      "mesh": 0,
      "name": "Model_material0_0"
    },
    {
      "mesh": 1,
      "name": "Model_material0_0"
    },
    {
      "mesh": 2,
      "name": "Model_material0_0"
    },
    {
      "mesh": 3,
      "name": "Model_material0_0"
    },
    {
      "mesh": 4,
      "name": "Model_material0_0"
    },
    {
      "mesh": 5,
      "name": "Model_material0_0"
    },
    {
      "mesh": 6,
      "name": "Model_material0_0"
    },
    {
      "mesh": 7,
      "name": "Model_material0_0"
    },
    {
      "mesh": 8,
      "name": "Model_material0_0"
    },
    {
      "mesh": 9,
      "name": "Model_material0_0"
    },
    {
      "mesh": 10,
      "name": "Model_material0_0"
    },
    {
      "children": [
        17
      ],
      "matrix": [
        0.20958438563087844,
        0.64211731522432225,
        -0.73740066367534263,
        0,
        0.17088016613103105,
        0.71849091518311425,
        0.67421863933175441,
        0,
        0.96274314026263441,
        -0.26731284721920767,
        0.040859363538876758,
        0,
        -12.869128227233887,
        -16.23322868347168,
        -146.74566650390625,
        1
      ],
      "name": "20200131_140435"
    },
    {
      "name": ""
    },
    {
      "children": [
        19
      ],
      "matrix": [
        0.4517767803326973,
        0.54427439112573894,
        -0.70686853651646431,
        0,
        0.44324000186300433,
        0.55068897325641386,
        0.70730471190448096,
        0,
        0.77423255001369318,
        -0.63285625690080927,
        0.007544309165943508,
        0,
        -15.799347877502441,
        -15.521743774414062,
        -146.35592651367188,
        1
      ],
      "name": "20200131_140437"
    },
    {
      "name": ""
    },
    {
      "children": [
        21
      ],
      "matrix": [
        0.65772145133486093,
        0.27540319110720446,
        -0.70111024438524128,
        0,
        0.62573130498230534,
        0.31842215076362201,
        0.7120868401172783,
        0,
        0.41936002005330142,
        -0.9070614181140314,
        0.037104680969615056,
        0,
        -18.419588088989258,
        -11.258970260620117,
        -146.686279296875,
        1
      ],
      "name": "20200131_140439"
    },
    {
      "name": ""
    },
    {
      "children": [
        23
      ],
      "matrix": [
        0.73770295814826858,
        -0.0295036535630675,
        -0.67448045187812844,
        0,
        0.67512001888267525,
        0.028238374852952552,
        0.73716724987584747,
        0,
        -0.0027028953272528189,
        -0.99916571629139406,
        0.040750039812928907,
        0,
        -20.069137573242188,
        -7.7391691207885742,
        -147.20550537109375,
        1
      ],
      "name": "20200131_140441"
    },
    {
      "name": ""
    },
    {
      "children": [
        25
      ],
      "matrix": [
        0.67055831458184034,
        -0.35243928832778243,
        -0.65279253579385221,
        0,
        0.59954449133240084,
        -0.26079014432559378,
        0.75666036207509157,
        0,
        -0.43691869913993647,
        -0.89876306592207178,
        0.03642803420750873,
        0,
        -19.835290908813477,
        -3.0181903839111328,
        -147.30300903320312,
        1
      ],
      "name": "20200131_140443"
    },
    {
      "name": ""
    },
    {
      "children": [
        27
      ],
      "matrix": [
        0.46424467294101091,
        -0.58492314663339262,
        -0.66508781087792046,
        0,
        0.4331690236552404,
        -0.50503856109932599,
        0.74652571874536777,
        0,
        -0.77255516346178121,
        -0.63466602582398624,
        0.018909126720382252,
        0,
        -16.748605728149414,
        0.45242360234260559,
        -147.59881591796875,
        1
      ],
      "name": "20200131_140445"
    },
    {
      "name": ""
    },
    {
      "children": [
        29
      ],
      "matrix": [
        0.16623624996621711,
        -0.74398371368179139,
        -0.64718910912763328,
        0,
        0.16780447606465043,
        -0.62540492978909823,
        0.76204352343429904,
        0,
        -0.97170322990604363,
        -0.23528048701867132,
        0.020878827036480918,
        0,
        -12.37502384185791,
        2.3812639713287354,
        -148.01699829101562,
        1
      ],
      "name": "20200131_140447"
    },
    {
      "name": ""
    },
    {
      "children": [
        31
      ],
      "matrix": [
        -0.1328629348742798,
        -0.76312096500002069,
        -0.63245065682156587,
        0,
        -0.085947173627821338,
        -0.62683332993709517,
        0.77439851486515765,
        0,
        -0.98740089319484714,
        0.15724620586014115,
        0.017694825814572823,
        0,
        -9.0002012252807617,
        2.2917089462280273,
        -148.14022827148438,
        1
      ],
      "name": "20200131_140450"
    },
    {
      "name": ""
    },
    {
      "children": [
        33
      ],
      "matrix": [
        -0.3891926371016794,
        -0.65182201342593782,
        -0.65088950985493488,
        0,
        -0.32321728445519982,
        -0.56504242126102477,
        0.75911636078066802,
        0,
        -0.86258893933045966,
        0.50582123817494595,
        0.0092302088772436841,
        0,
        -5.4671196937561035,
        0.22187262773513794,
        -148.466552734375,
        1
      ],
      "name": "20200131_140452"
    },
    {
      "name": ""
    },
    {
      "children": [
        35
      ],
      "matrix": [
        -0.66697286551227331,
        -0.42543735523979742,
        -0.61167822704172936,
        0,
        -0.50301323548512156,
        -0.34852334967099186,
        0.79089137032901136,
        0,
        -0.54965887748415065,
        0.83518532763733233,
        0.018454996672593982,
        0,
        -2.000415563583374,
        -1.7818719148635864,
        -148.50849914550781,
        1
      ],
      "name": "20200131_140454"
    },
    {
      "name": ""
    },
    {
      "children": [
        37
      ],
      "matrix": [
        -0.77758025925210106,
        0.13944661213813944,
        -0.61312607413535314,
        0,
        -0.60988465293839733,
        0.070008612542425519,
        0.78939185724207672,
        0,
        0.15300212590564186,
        0.98775170793731359,
        0.030609033556685206,
        0,
        0.93478763103485107,
        -9.1045703887939453,
        -147.73594665527344,
        1
      ],
      "name": "20200131_140458"
    },
    {
      "name": ""
    },
    {
      "children": [
        39
      ],
      "matrix": [
        -0.65142696133136813,
        0.43273227182262947,
        -0.62320598117621318,
        0,
        -0.53737794768970182,
        0.31669994277624558,
        0.78161760956514215,
        0,
        0.53560046246001769,
        0.84406393547452829,
        0.026233898754598806,
        0,
        -0.28827196359634399,
        -13.679927825927734,
        -147.15974426269531,
        1
      ],
      "name": "20200131_140500"
    },
    {
      "name": ""
    },
    {
      "children": [
        41
      ],
      "matrix": [
        -0.48801697284739198,
        0.61248863047206392,
        -0.62184975014493948,
        0,
        -0.40374849661813539,
        0.47323504742712486,
        0.78296598991606436,
        0,
        0.77383886287228021,
        0.63317159398468159,
        0.016344628458118904,
        0,
        -2.247753381729126,
        -15.426226615905762,
        -147.07095336914062,
        1
      ],
      "name": "20200131_140502"
    },
    {
      "name": ""
    },
    {
      "children": [
        43
      ],
      "matrix": [
        0.21176411063176304,
        0.41558098196327853,
        -0.88456113914119894,
        0,
        0.3510463322152676,
        0.81234106032567699,
        0.46569139389424286,
        0,
        0.91209782045926757,
        -0.40913866737255722,
        0.026136502712902132,
        0,
        -14.078029632568359,
        -16.083980560302734,
        -139.69795227050781,
        1
      ],
      "name": "20200131_140520"
    },
    {
      "name": ""
    },
    {
      "children": [
        45
      ],
      "matrix": [
        0.40069340556848265,
        0.29385743949937382,
        -0.86780908037701665,
        0,
        0.65129208559035323,
        0.57482847256491332,
        0.49536940395633722,
        0,
        0.64440935280402289,
        -0.7636884393386878,
        0.038942953651975976,
        0,
        -17.762443542480469,
        -13.283061027526855,
        -140.26554870605469,
        1
      ],
      "name": "20200131_140522"
    },
    {
      "name": ""
    },
    {
      "children": [
        47
      ],
      "matrix": [
        0.4949046951348034,
        0.078249388327307712,
        -0.865416879867691,
        0,
        0.83436938289485063,
        0.23536092211226689,
        0.49843050591845739,
        0,
        0.24268719706897046,
        -0.96875294557945246,
        0.051192331554062331,
        0,
        -19.364999771118164,
        -8.9678707122802734,
        -140.90203857421875,
        1
      ],
      "name": "20200131_140524"
    },
    {
      "name": ""
    },
    {
      "children": [
        49
      ],
      "matrix": [
        0.46232219351028547,
        -0.14301358920949309,
        -0.87510302404303042,
        0,
        0.85941879089494266,
        -0.17070337465601426,
        0.48193329386723593,
        0,
        -0.21830604949133531,
        -0.97488844037790645,
        0.043988607309391803,
        0,
        -18.398334503173828,
        -5.3102927207946777,
        -141.67318725585938,
        1
      ],
      "name": "20200131_140526"
    },
    {
      "name": ""
    },
    {
      "children": [
        51
      ],
      "matrix": [
        0.34166483831292904,
        -0.3316329454912833,
        -0.87936609425504664,
        0,
        0.70552394410979236,
        -0.52764027424978766,
        0.47310855548951047,
        0,
        -0.62088735093281022,
        -0.78205839325103099,
        0.053698854710814703,
        0,
        -16.311738967895508,
        -2.1675450801849365,
        -142.12873840332031,
        1
      ],
      "name": "20200131_140528"
    },
    {
      "name": ""
    },
    {
      "children": [
        53
      ],
      "matrix": [
        0.16793742575046033,
        -0.43192703978240288,
        -0.88613545992535425,
        0,
        0.39480132132338597,
        -0.7941965097705217,
        0.46193486613334361,
        0,
        -0.90328784875786805,
        -0.42742360273285346,
        0.03715004863052962,
        0,
        -13.193424224853516,
        -0.15218651294708252,
        -142.31198120117188,
        1
      ],
      "name": "20200131_140529"
    },
    {
      "name": ""
    },
    {
      "children": [
        55
      ],
      "matrix": [
        -0.010201249577790561,
        -0.48406397011529945,
        -0.87497314664123604,
        0,
        0.027997028693770215,
        -0.8748139053138857,
        0.48364945720406605,
        0,
        -0.99955595185630886,
        -0.019562819471691473,
        0.022476547843167216,
        0,
        -9.4720001220703125,
        -0.043915838003158569,
        -143.03654479980469,
        1
      ],
      "name": "20200131_140531"
    },
    {
      "name": ""
    },
    {
      "children": [
        57
      ],
      "matrix": [
        -0.17526060168435142,
        -0.40290563005523156,
        -0.89830438870520724,
        0,
        -0.38893606830362443,
        -0.80987500586498373,
        0.43912550557637969,
        0,
        -0.90444041056874369,
        0.42634437740515535,
        -0.014765350834061719,
        0,
        -7.240684986114502,
        -2.0440168380737305,
        -143.22726440429688,
        1
      ],
      "name": "20200131_140533"
    },
    {
      "name": ""
    },
    {
      "children": [
        59
      ],
      "matrix": [
        -0.29192171946906331,
        -0.2485556670071036,
        -0.92358096023081759,
        0,
        -0.73490875529673028,
        -0.55971630005668027,
        0.38291877054940859,
        0,
        -0.61211994828663774,
        0.79053003981475234,
        -0.019272391134730782,
        0,
        -5.150670051574707,
        -4.0301117897033691,
        -143.51219177246094,
        1
      ],
      "name": "20200131_140535"
    },
    {
      "name": ""
    },
    {
      "children": [
        61
      ],
      "matrix": [
        -0.41140145133560413,
        -0.075511111216239213,
        -0.90832093332799901,
        0,
        -0.88814655933762254,
        -0.19071568033355324,
        0.41811866546669835,
        0,
        -0.2048036498104987,
        0.97873673751310597,
        0.011395774063217456,
        0,
        -3.2751877307891846,
        -6.6086158752441406,
        -143.05577087402344,
        1
      ],
      "name": "20200131_140537"
    },
    {
      "name": ""
    },
    {
      "children": [
        63
      ],
      "matrix": [
        -0.41059794945772632,
        0.13405245269984289,
        -0.90190867820764797,
        0,
        -0.87630903807836813,
        0.21532791542811669,
        0.43094820874386625,
        0,
        0.25197577995370013,
        0.96729717706738816,
        0.02905817534165378,
        0,
        -3.2192389965057373,
        -9.7657833099365234,
        -143.04373168945312,
        1
      ],
      "name": "20200131_140539"
    },
    {
      "name": ""
    },
    {
      "children": [
        65
      ],
      "matrix": [
        -0.32858578794355475,
        0.35181610249920858,
        -0.87650260124187851,
        0,
        -0.68014747628890593,
        0.5557589189185459,
        0.47804961514504041,
        0,
        0.65530969049705445,
        0.75323134166387118,
        0.056672351953127142,
        0,
        -4.3192901611328125,
        -12.800472259521484,
        -143.05352783203125,
        1
      ],
      "name": "20200131_140541"
    },
    {
      "name": ""
    },
    {
      "children": [
        67
      ],
      "matrix": [
        -0.14560594971421104,
        0.47429000494190277,
        -0.86824414689650076,
        0,
        -0.36743923882898921,
        0.78890122644160099,
        0.49256802645696657,
        0,
        0.91857896403988892,
        0.39074780374449664,
        0.059404046093315066,
        0,
        -6.9061489105224609,
        -14.710867881774902,
        -143.32347106933594,
        1
      ],
      "name": "20200131_140543"
    },
    {
      "name": ""
    },
    {
      "children": [
        69
      ],
      "matrix": [
        0.056856012641558151,
        0.5138700546117636,
        -0.85598186943404708,
        0,
        -0.039738077529389626,
        0.8578541293773192,
